name: audio
channels:
  - conda-forge
  - anaconda
  - defaults
dependencies:
  - h5py=2.8.0=py36h3c9e6ae_0
  - patsy=0.5.0=py36_0
  - seaborn=0.9.0=py36_0
  - sh=1.12.14=py36_0
  - six=1.11.0=py36h0e22d5e_1
  - statsmodels=0.9.0=py36h1d22016_0
  - absl-py=0.2.2=py_0
  - backports=1.0=py36_1
  - backports.weakref=1.0.post1=py36_0
  - bleach=1.5.0=py36_0
  - ca-certificates=2018.4.16=0
  - certifi=2018.8.13=py36_0
  - hdf5storage=0.1.14=py36_0
  - html5lib=0.9999999=py36_0
  - llvmlite=0.23.0=py36_1
  - markdown=2.6.11=py_0
  - numba=0.38.1=py36_0
  - openssl=1.0.2o=h470a237_1
  - palettable=3.1.1=py_0
  - resampy=0.2.1=py36_0
  - tensorboard=1.5.1=py36_1
  - tensorflow=1.5.1=py36_0
  - webencodings=0.5.1=py36_0
  - blas=1.0=mkl
  - bzip2=1.0.6=h1de35cc_5
  - cairo=1.14.12=hc4e6be7_4
  - cycler=0.10.0=py36hfc81398_0
  - ffmpeg=3.4=h8a2ae75_0
  - fontconfig=2.13.0=h5d5b041_1
  - freetype=2.9.1=hb4e5f40_0
  - gettext=0.19.8.1=h15daf44_3
  - glib=2.56.1=h35bc53a_0
  - graphite2=1.3.11=h2098e52_2
  - harfbuzz=1.7.6=hb8d4a28_3
  - hdf5=1.10.2=hfa1e0ec_1
  - icu=58.2=h4b95b61_1
  - intel-openmp=2018.0.3=0
  - jasper=2.0.14=h636a363_1
  - jpeg=9b=he5867d9_2
  - kiwisolver=1.0.1=py36h0a44026_0
  - libcxx=4.0.1=h579ed51_0
  - libcxxabi=4.0.1=hebd6815_0
  - libedit=3.1.20170329=hb402a30_2
  - libffi=3.2.1=h475c297_4
  - libgfortran=3.0.1=h93005f0_2
  - libiconv=1.15=hdd342a3_7
  - libopenblas=0.2.20=hdc02c5d_7
  - libopencv=3.4.1=h14a57ad_3
  - libopus=1.2.1=h169cedb_0
  - libpng=1.6.34=he12f830_0
  - libprotobuf=3.5.2=h2cd40f5_0
  - libtiff=4.0.9=hcb84e12_1
  - libvpx=1.7.0=h378b8a2_0
  - libxml2=2.9.8=hab757c2_1
  - matplotlib=2.2.2=py36hbf02d85_2
  - mkl=2017.0.4=h1fae6ae_0
  - mkl_fft=1.0.1=py36h917ab60_0
  - mkl_random=1.0.1=py36h78cc56f_0
  - ncurses=6.1=h0a44026_0
  - numpy=1.13.0=py36_0
  - numpy-base=1.14.3=py36h7ef55bc_1
  - opencv=3.4.1=py36h6fd60c2_3
  - pandas=0.23.1=py36h1702cab_0
  - pcre=8.42=h378b8a2_0
  - pip=10.0.1=py36_0
  - pixman=0.34.0=hca0a616_3
  - protobuf=3.5.2=py36h0a44026_0
  - py-opencv=3.4.1=py36h4b7e113_3
  - pyparsing=2.2.0=py36_1
  - python=3.6.6=hc167b69_0
  - python-dateutil=2.7.3=py36_0
  - pytz=2018.5=py36_0
  - readline=7.0=hc1231fa_4
  - scipy=0.19.1=np113py36_0
  - setuptools=39.2.0=py36_0
  - sqlite=3.24.0=ha441bb4_0
  - tk=8.6.7=h35a86e2_3
  - tornado=5.0.2=py36h1de35cc_0
  - werkzeug=0.14.1=py36_0
  - wheel=0.31.1=py36_0
  - xz=5.2.4=h1de35cc_4
  - zlib=1.2.11=hf3cbc9b_2
  - pip:
    - tensorflow-tensorboard==1.5.1
prefix: /path/to/anaconda3/envs/audio

